station: 1;1;1;1;0
pipe: 1;1.000000;1.000000;0;0
